n:                  500
median:             250.500000
mean:               250.500000
average_deviation:  125.000000
standard_deviation: 144.481833
variance:           20875.000000
skew:               0.000000
kurtosis:           -1.207202
